0.3825222997
0.418414915
0.5717912509
0.02273969107
0.2702569327
0.7313485314
0.6565619221
0.125027327
0.1299355892
0.09210585002
0.007582764504
0.4228141353
0.655305083
0.7226642943
0.4890233282
0.07917593377
0.5981265185
0.09379259696
0.0933592868
0.06156154862
0.1066585207
0.1516541526
0.179701223
0.3014966246
0.3004673298
0.2159045196
0.2364599663
0.8832588314
0.6887683676
0.5413086725
0.170539199
0.1981742008
0.07607466232
0.901160746
0.6984061086
0.5491335295
0.3047965654
0.1578721808
0.6141799222
0.9870961803
0.1628367575
0.2527691145
0.3777066363
0.0549375628
0.6657412708
0.3840818082
0.9811389728
0.3854833718
0.6096870064
0.1520218738
0.3790009759
0.1588774993
0.7558623925
0.870908015
0.3487248678
0.6841882072
0.2875144669
0.5240116324
0.8260391362
0.5911178321
0.3346793128
0.2934071669
0.4487490732
0.4088800869
0.3458796271
0.545065715
0.7293117689
0.4229788665
0.4172685626
0.1168701559
0.0112507339
0.2770375055
0.3048302641
0.6410207631
0.9556543753
0.9241608612
0.4502328098
0.2404783968
0.7192047225
0.7216858676
0.6873538291
0.6826740864
0.03223993572
0.6182286514
0.3944293394
